0.00
1,992.729309, 1241.502686, 1007.927429, 1001.093933, 1000.384827, 1002.518921, 1003.565002, 993.164856, 992.566772
2,992.729919, 1241.501587, 1007.926331, 1001.093140, 1000.382813, 1002.518066, 1003.562195, 993.163330, 992.568115
3,992.730652, 1241.501831, 1007.926025, 1001.091736, 1000.383667, 1002.519836, 1003.562988, 993.162354, 992.569214
4,992.731079, 1241.501831, 1007.923828, 1001.095337, 1000.383301, 1002.518799, 1003.561584, 993.162903, 992.570374
5,992.730774, 1241.502563, 1007.925720, 1001.094238, 1000.385132, 1002.521118, 1003.563110, 993.162720, 992.569275
6,992.730530, 1241.502075, 1007.924011, 1001.093384, 1000.382874, 1002.523254, 1003.564148, 993.163208, 992.569702
7,992.732483, 1241.501343, 1007.925476, 1001.094543, 1000.384949, 1002.523376, 1003.564087, 993.164429, 992.570923
8,992.735291, 1241.501587, 1007.925842, 1001.097717, 1000.388733, 1002.523438, 1003.566772, 993.166748, 992.572876
9,992.734680, 1241.501709, 1007.927490, 1001.097168, 1000.388123, 1002.524658, 1003.564819, 993.165833, 992.574158
10,992.734192, 1241.502075, 1007.925781, 1001.099243, 1000.385559, 1002.522583, 1003.568115, 993.165710, 992.571960


0.50
1,993.069092, 1241.492065, 1008.352173, 1001.394714, 1000.627869, 1002.752686, 1003.778381, 993.396973, 992.802551
2,993.061035, 1241.492065, 1008.343140, 1001.384277, 1000.620239, 1002.743896, 1003.773743, 993.390381, 992.795227
3,993.056641, 1241.493164, 1008.332947, 1001.386902, 1000.613037, 1002.739441, 1003.767761, 993.387756, 992.787903
4,993.052368, 1241.493408, 1008.336853, 1001.373352, 1000.611084, 1002.732483, 1003.761780, 993.382996, 992.781616
5,993.050964, 1241.493164, 1008.334351, 1001.379395, 1000.608582, 1002.734924, 1003.760864, 993.382568, 992.785461
6,993.057129, 1241.492065, 1008.327393, 1001.375000, 1000.613464, 1002.734863, 1003.761108, 993.379517, 992.783691
7,993.048828, 1241.491211, 1008.329590, 1001.373596, 1000.610168, 1002.734192, 1003.758362, 993.381470, 992.782288
8,993.045776, 1241.490967, 1008.336304, 1001.376465, 1000.604858, 1002.735229, 1003.759460, 993.382507, 992.784058
9,993.050232, 1241.490967, 1008.329041, 1001.379395, 1000.608154, 1002.736145, 1003.763733, 993.381226, 992.782837
10,993.052185, 1241.491821, 1008.335144, 1001.385498, 1000.610107, 1002.738770, 1003.761719, 993.386475, 992.787964


1.00
1,993.668579, 1241.478149, 1008.960205, 1001.948486, 1001.150146, 1003.245605, 1004.269226, 993.867126, 993.256042
2,993.671936, 1241.478760, 1008.953613, 1001.951355, 1001.151489, 1003.242249, 1004.263672, 993.866089, 993.257996
3,993.677551, 1241.479248, 1008.958374, 1001.963806, 1001.159851, 1003.253357, 1004.275208, 993.868774, 993.260803
4,993.671570, 1241.478760, 1008.961731, 1001.957275, 1001.153809, 1003.251709, 1004.270569, 993.864014, 993.252869
5,993.666321, 1241.479126, 1008.961792, 1001.964050, 1001.145996, 1003.247192, 1004.275085, 993.865295, 993.253845
6,993.676270, 1241.478394, 1008.967834, 1001.952942, 1001.150452, 1003.250549, 1004.273743, 993.862793, 993.257751
7,993.682129, 1241.478516, 1008.968750, 1001.962402, 1001.156738, 1003.248901, 1004.274170, 993.864380, 993.258118
8,993.671509, 1241.478394, 1008.970398, 1001.958252, 1001.153137, 1003.249817, 1004.274353, 993.866333, 993.257629
9,993.680908, 1241.476685, 1008.966064, 1001.958740, 1001.160400, 1003.255127, 1004.272095, 993.872498, 993.263489
10,993.694214, 1241.477661, 1008.972595, 1001.964844, 1001.158813, 1003.268921, 1004.281494, 993.873779, 993.268433


1.50
1,994.587036, 1241.479492, 1009.831848, 1002.782715, 1001.946899, 1003.994324, 1005.038025, 994.576355, 993.943604
2,994.571472, 1241.479492, 1009.831726, 1002.786316, 1001.960327, 1004.016846, 1005.017029, 994.585022, 993.945679
3,994.578064, 1241.479858, 1009.820618, 1002.772644, 1001.938904, 1004.000916, 1005.013489, 994.567139, 993.936279
4,994.567261, 1241.478027, 1009.820007, 1002.774597, 1001.940491, 1004.000305, 1005.033752, 994.570801, 993.939758
5,994.581177, 1241.478149, 1009.818542, 1002.777344, 1001.945557, 1004.005798, 1005.032959, 994.563293, 993.936340
6,994.569519, 1241.478760, 1009.821228, 1002.769470, 1001.935303, 1004.000488, 1005.014221, 994.566467, 993.933228
7,994.563660, 1241.478394, 1009.840759, 1002.782166, 1001.939270, 1003.996826, 1005.027161, 994.570313, 993.941101
8,994.590210, 1241.478882, 1009.854858, 1002.800171, 1001.953064, 1004.011780, 1005.029358, 994.582886, 993.957581
9,994.570618, 1241.479858, 1009.837891, 1002.785767, 1001.948608, 1004.007202, 1005.032471, 994.580566, 993.948303
10,994.577026, 1241.478394, 1009.851379, 1002.797607, 1001.968201, 1004.029907, 1005.036621, 994.594482, 993.960632


2.00
1,995.830811, 1241.468628, 1011.064636, 1003.920471, 1003.052490, 1005.073914, 1006.024597, 995.565369, 994.912415
2,995.787170, 1241.468262, 1011.036072, 1003.915710, 1003.026550, 1005.047668, 1006.028442, 995.571655, 994.908569
3,995.776123, 1241.469238, 1011.021790, 1003.903809, 1003.009155, 1005.017334, 1006.022095, 995.555298, 994.910095
4,995.776489, 1241.468628, 1011.050842, 1003.899658, 1003.031433, 1005.035461, 1006.007019, 995.547241, 994.911560
5,995.780212, 1241.469482, 1011.037720, 1003.899841, 1003.022034, 1005.034058, 1006.024048, 995.561462, 994.899353
6,995.778076, 1241.471069, 1011.053040, 1003.933655, 1003.040466, 1005.032104, 1006.023254, 995.557190, 994.905029
7,995.766968, 1241.470337, 1011.024658, 1003.890869, 1003.015320, 1005.033936, 1006.007568, 995.542175, 994.875061
8,995.751648, 1241.470215, 1010.996155, 1003.875366, 1002.988281, 1004.984375, 1005.984680, 995.521667, 994.893372
9,995.747742, 1241.470825, 1011.012268, 1003.874084, 1002.996277, 1005.001587, 1005.995239, 995.538818, 994.890869
10,995.772339, 1241.471436, 1011.021973, 1003.880310, 1003.008911, 1005.030762, 1006.003601, 995.538025, 994.879639


2.50
1,997.455139, 1241.478394, 1012.625916, 1005.450806, 1004.503418, 1006.397217, 1007.413452, 996.915100, 996.207825
2,997.396423, 1241.478638, 1012.590637, 1005.392273, 1004.446045, 1006.403381, 1007.356201, 996.848755, 996.177734
3,997.410522, 1241.478882, 1012.604614, 1005.405396, 1004.445068, 1006.416565, 1007.381042, 996.861877, 996.185730
4,997.415466, 1241.478394, 1012.585693, 1005.435730, 1004.451660, 1006.377808, 1007.410095, 996.896484, 996.192200
5,997.422119, 1241.479736, 1012.540405, 1005.370850, 1004.470337, 1006.396790, 1007.347168, 996.890686, 996.186401
6,997.399597, 1241.480835, 1012.564941, 1005.396545, 1004.450806, 1006.395447, 1007.355530, 996.869629, 996.203979
7,997.431030, 1241.480347, 1012.585388, 1005.412292, 1004.459473, 1006.409363, 1007.375061, 996.872192, 996.173645
8,997.406799, 1241.480713, 1012.580994, 1005.398926, 1004.449829, 1006.356873, 1007.362488, 996.853577, 996.172729
9,997.363831, 1241.481323, 1012.537476, 1005.314697, 1004.416809, 1006.347717, 1007.301575, 996.812866, 996.154114
10,997.403198, 1241.481689, 1012.516174, 1005.339233, 1004.451416, 1006.370544, 1007.314941, 996.849121, 996.186401


3.00
1,999.389832, 1241.506958, 1014.438721, 1007.189819, 1006.215393, 1008.089355, 1008.971313, 998.483459, 997.791382
2,999.421265, 1241.506958, 1014.452087, 1007.175232, 1006.240601, 1008.120911, 1008.938049, 998.486084, 997.829712
3,999.387878, 1241.507568, 1014.467834, 1007.145874, 1006.194580, 1008.104736, 1009.050781, 998.468567, 997.797913
4,999.449280, 1241.507812, 1014.459473, 1007.258728, 1006.262634, 1008.083069, 1009.018311, 998.547241, 997.776794
5,999.399353, 1241.507812, 1014.432983, 1007.216553, 1006.211304, 1008.057983, 1009.004456, 998.519043, 997.777344
6,999.455994, 1241.508423, 1014.468750, 1007.218262, 1006.259949, 1008.119202, 1008.972717, 998.525757, 997.822266
7,999.372253, 1241.508179, 1014.501343, 1007.180847, 1006.183777, 1008.125549, 1009.045288, 998.474915, 997.768799
8,999.401794, 1241.509155, 1014.492493, 1007.275757, 1006.220703, 1008.110474, 1009.048523, 998.534546, 997.786743
9,999.445862, 1241.509888, 1014.508362, 1007.286499, 1006.249451, 1008.098877, 1009.061462, 998.527893, 997.786316
10,999.418518, 1241.509399, 1014.479736, 1007.266113, 1006.229370, 1008.126221, 1009.002014, 998.551514, 997.808655
