0.00
1,985.756165, 1241.665649, 1000.795715, 993.788452, 993.175415, 995.503967, 996.251892, 986.186646, 985.606262
2,985.758423, 1241.665649, 1000.795715, 993.789612, 993.173889, 995.503540, 996.254211, 986.187012, 985.605957
3,985.758179, 1241.665527, 1000.797363, 993.789307, 993.174072, 995.504211, 996.254517, 986.189148, 985.606628
4,985.756409, 1241.665405, 1000.795471, 993.788452, 993.174133, 995.502502, 996.251770, 986.188416, 985.606079
5,985.757263, 1241.666138, 1000.795837, 993.788696, 993.173889, 995.502258, 996.253296, 986.187561, 985.604858
6,985.758423, 1241.665649, 1000.795105, 993.788513, 993.172729, 995.501221, 996.251648, 986.187195, 985.607239
7,985.756165, 1241.665894, 1000.794861, 993.786621, 993.172913, 995.500000, 996.251038, 986.188416, 985.603821
8,985.755615, 1241.665771, 1000.794983, 993.786560, 993.172241, 995.501648, 996.251892, 986.185791, 985.605652
9,985.757202, 1241.665649, 1000.793823, 993.788574, 993.172485, 995.503052, 996.251038, 986.188110, 985.606262
10,985.754761, 1241.665283, 1000.792786, 993.788330, 993.172241, 995.501404, 996.251648, 986.186340, 985.606201


0.00
1,985.715088, 1241.670898, 1000.749512, 993.744995, 993.133057, 995.463135, 996.218445, 986.149170, 985.568909
2,985.716003, 1241.670532, 1000.750305, 993.745483, 993.133423, 995.464905, 996.218140, 986.150330, 985.568420
3,985.718445, 1241.670898, 1000.751953, 993.748291, 993.135010, 995.463501, 996.219849, 986.151001, 985.572327
4,985.722351, 1241.671631, 1000.754089, 993.748901, 993.137268, 995.467163, 996.223694, 986.152588, 985.575928
5,985.722595, 1241.671631, 1000.756592, 993.751953, 993.139832, 995.469299, 996.224426, 986.154480, 985.577637
6,985.726624, 1241.671143, 1000.758850, 993.754395, 993.140686, 995.473389, 996.228210, 986.158997, 985.578613
7,985.728821, 1241.671265, 1000.760925, 993.755920, 993.144592, 995.475403, 996.229431, 986.159851, 985.579895
8,985.730103, 1241.671631, 1000.760986, 993.758057, 993.146301, 995.477417, 996.230408, 986.161865, 985.583679
9,985.733154, 1241.670898, 1000.766724, 993.759949, 993.146790, 995.476868, 996.231567, 986.166382, 985.585144
10,985.735718, 1241.670044, 1000.767334, 993.764038, 993.149292, 995.481506, 996.234924, 986.168518, 985.586731


0.50
1,986.026428, 1241.668335, 1001.015869, 993.948181, 993.341064, 995.667236, 996.432678, 986.393127, 985.805847
2,986.024902, 1241.669067, 1001.016357, 993.948120, 993.338257, 995.665649, 996.435486, 986.392212, 985.808838
3,986.026978, 1241.668579, 1001.020325, 993.949524, 993.340149, 995.668701, 996.435608, 986.396423, 985.809387
4,986.031006, 1241.669556, 1001.019348, 993.950928, 993.338928, 995.668884, 996.431885, 986.393677, 985.808899
5,986.026001, 1241.670288, 1001.016724, 993.949036, 993.339478, 995.668701, 996.438049, 986.395569, 985.810791
6,986.026855, 1241.670288, 1001.018372, 993.951782, 993.342163, 995.667725, 996.439392, 986.397034, 985.809631
7,986.028198, 1241.669922, 1001.019592, 993.945496, 993.342529, 995.670837, 996.438354, 986.397949, 985.813232
8,986.030457, 1241.670044, 1001.022400, 993.947754, 993.344788, 995.669739, 996.438660, 986.397095, 985.810486
9,986.032349, 1241.669800, 1001.018677, 993.951355, 993.344055, 995.667358, 996.437439, 986.398254, 985.812744
10,986.036316, 1241.670044, 1001.017883, 993.951660, 993.344543, 995.672119, 996.436584, 986.398926, 985.812195


1.00
1,986.622986, 1241.650269, 1001.632202, 994.479858, 993.840576, 996.143494, 996.881714, 986.842285, 986.238464
2,986.623413, 1241.650269, 1001.642334, 994.473145, 993.836548, 996.136963, 996.888428, 986.841858, 986.243835
3,986.631775, 1241.650269, 1001.637329, 994.482788, 993.838745, 996.132629, 996.880005, 986.845337, 986.238220
4,986.631897, 1241.649658, 1001.640320, 994.486084, 993.835571, 996.135925, 996.880310, 986.847046, 986.238281
5,986.636475, 1241.649658, 1001.642944, 994.486938, 993.845459, 996.140015, 996.885559, 986.848267, 986.250488
6,986.644592, 1241.649780, 1001.652710, 994.497803, 993.854248, 996.147888, 996.900574, 986.857666, 986.260315
7,986.649170, 1241.650269, 1001.668518, 994.505066, 993.858521, 996.154785, 996.902588, 986.867493, 986.266235
8,986.656738, 1241.649536, 1001.671875, 994.514832, 993.860291, 996.167419, 996.909363, 986.871033, 986.264221
9,986.650452, 1241.647827, 1001.662720, 994.506165, 993.861023, 996.160156, 996.904358, 986.861084, 986.263123
10,986.660950, 1241.647949, 1001.666748, 994.518982, 993.863586, 996.165527, 996.911316, 986.878296, 986.267273


1.50
1,987.306702, 1241.620483, 1002.364990, 995.124146, 994.455139, 996.704834, 997.438843, 987.385132, 986.778259
2,987.311279, 1241.620483, 1002.368286, 995.141235, 994.451721, 996.720215, 997.446167, 987.392761, 986.773926
3,987.304199, 1241.620483, 1002.380859, 995.128662, 994.448608, 996.715698, 997.455017, 987.382080, 986.773071
4,987.310303, 1241.620605, 1002.374756, 995.134827, 994.448059, 996.720215, 997.453125, 987.386902, 986.774048
5,987.311584, 1241.619629, 1002.361511, 995.121643, 994.442322, 996.714600, 997.438110, 987.376160, 986.763916
6,987.298096, 1241.619873, 1002.381042, 995.140686, 994.434509, 996.708069, 997.448914, 987.384766, 986.766968
7,987.302124, 1241.618774, 1002.371704, 995.130493, 994.428284, 996.704346, 997.441772, 987.386658, 986.762573
8,987.292908, 1241.619751, 1002.376465, 995.134521, 994.439209, 996.710083, 997.442871, 987.386475, 986.767090
9,987.294067, 1241.618896, 1002.353577, 995.124939, 994.439453, 996.700684, 997.428650, 987.376465, 986.758972
10,987.311340, 1241.618774, 1002.362183, 995.122864, 994.439697, 996.706238, 997.445557, 987.383911, 986.761108


2.00
1,988.354919, 1241.594971, 1003.467651, 996.159058, 995.408997, 997.615173, 998.341431, 988.241638, 987.606873
2,988.386719, 1241.594971, 1003.489380, 996.165466, 995.417969, 997.617371, 998.354004, 988.249634, 987.612671
3,988.374390, 1241.593506, 1003.466553, 996.151123, 995.409790, 997.623657, 998.341736, 988.241028, 987.608276
4,988.407837, 1241.593262, 1003.509216, 996.183777, 995.441162, 997.612183, 998.359680, 988.271545, 987.630127
5,988.397034, 1241.593750, 1003.499207, 996.173340, 995.440247, 997.641235, 998.359924, 988.256470, 987.620056
6,988.376038, 1241.593628, 1003.482239, 996.157471, 995.417969, 997.648438, 998.352966, 988.238342, 987.603882
7,988.400696, 1241.593628, 1003.518311, 996.175537, 995.415161, 997.638855, 998.365723, 988.260498, 987.606873
8,988.373291, 1241.593384, 1003.468445, 996.164551, 995.430481, 997.602356, 998.343994, 988.238831, 987.616638
9,988.373840, 1241.593018, 1003.483765, 996.164795, 995.427185, 997.632813, 998.344238, 988.246033, 987.611145
10,988.405701, 1241.593384, 1003.487061, 996.180542, 995.427185, 997.624268, 998.359070, 988.250916, 987.619385


3.00
1,991.223877, 1241.570923, 1006.331299, 998.853455, 997.972961, 1000.046631, 1000.795410, 990.573486, 989.872131
2,991.229370, 1241.571899, 1006.316711, 998.905640, 998.017029, 1000.080139, 1000.767639, 990.602112, 989.876953
3,991.239746, 1241.571899, 1006.296570, 998.843506, 997.998901, 1000.080872, 1000.754639, 990.552490, 989.872253
4,991.202026, 1241.571777, 1006.334778, 998.836975, 997.977112, 1000.064941, 1000.782837, 990.547180, 989.895264
5,991.285706, 1241.571777, 1006.308350, 998.912476, 998.082520, 1000.111938, 1000.759216, 990.620361, 989.873779
6,991.232605, 1241.573730, 1006.323669, 998.827087, 997.994324, 1000.082886, 1000.795288, 990.550720, 989.902649
7,991.235962, 1241.573364, 1006.338379, 998.862549, 998.014221, 1000.062012, 1000.770691, 990.590027, 989.890625
8,991.198059, 1241.573242, 1006.306152, 998.853149, 997.960144, 1000.046326, 1000.772217, 990.565308, 989.886414
9,991.238831, 1241.573242, 1006.286072, 998.843201, 997.975647, 1000.079285, 1000.803955, 990.567627, 989.918030
10,991.242920, 1241.573120, 1006.294617, 998.866699, 997.979614, 1000.044128, 1000.738037, 990.579712, 989.857727
